46,49
46,48
46,47
46,46
46,45
46,44
46,43
0,273
0,270
46,42
46,41
46,40
46,39
46,38
46,37
46,36
46,35
3,2
3,1
3,3
10,239
10,221
10,71
10,143
10,243
10,197
10,227
11,15
9,5
9,2
9,3
8,15
8,16
8,8
8,7
8,11
8,4
41,3
41,1
37,5
37,4
37,3
37,2
37,1
37,0
35,5
35,4
35,3
35,2
35,1
35,0
32,4
32,3
32,1
29,3
29,2
29,1
24,4
24,3
24,1
20,3
20,2
20,1
19,2
19,3
19,1
12,3
12,2
12,1
11,29
11,28
11,26
11,24
11,22
11,21
11,20
11,19
11,18
11,17
11,16
11,14
11,12
11,10
11,9
11,7
11,6
11,5
11,4
11,3
11,2
11,1
10,300
10,284
10,276
10,223
10,209
10,208
10,205
10,198
10,186
10,170
10,168
10,158
10,156
10,138
10,136
10,122
10,121
10,119
10,111
10,100
